0	0.3866515146
0.0020703759	1.5367526405
0.0038187012	-0.3035391481
0.0050207401	-3.0650851593
0.006737389	4.9886397048
0.0082930117	-0.3035527297
0.0094949968	5.6790218811
0.0108579604	4.9888452695
0.0126061321	4.0683485358
0.0141290826	4.2987318689
0.0149764454	4.2987682949
0.015823801	-2.3751280073
0.0171866783	5.4491302941
0.0174236262	2.9175872729
0.0173386094	1.5369872934
0.0170284084	0.8466859175
0.0168466097	0.156389025
0.0162470195	0.3867143391
0.0155832233	1.0769984043
0.0148226393	2.9175113878
0.0133538932	1.5369260501
0.0119819117	4.2986395688
0.0101595128	-0.3035583956
0.0080160449	0.8466096145
0.005807364	2.2270292239
0.0031807885	1.5367697049
6.90235609272745E-006	-0.303527578
0.0040354211	3.6071124743
0.0085609789	3.1470983674
0.0133119939	3.3772070315
0.0181274587	5.4472063205
0.0231042028	-1.9137323305
0.0282096555	1.9967351401
0.0339270301	1.7664102658
0.0406102221	-0.7637949826
0.0468748452	3.605567539
0.055006864	-0.303360642
0.063204756	4.9851517631
0.0716929625	3.834796608
0.0813405653	6.8229998691
0.0915042265	8.8909498903
0.1270015588	1.7692552134
0.1493604643	6.6081257198
0.1725241705	5.6882878947
0.1957119913	7.9949404882
0.2196812399	11.6861369974
0.2437095285	9.3825050941
0.2675851506	10.768802216
0.2908070918	10.3100736534
0.3129048956	15.6200781223
0.3340169098	19.3168767112
0.3532225897	20.7065193682
0.3716537822	18.8625457302
0.3881332262	25.3326066497
0.4031200134	29.7261143545
0.4150875965	31.5775749644
0.4247204307	37.35681902
0.4319357997	42.2123715028
0.4361401744	49.839990471
0.4374470642	55.6175790854
0.4355540208	64.3974151035
0.4305148066	74.5616204531
0.4225449641	81.4866938328
0.4112213216	93.4907874746
0.3967017498	102.2553821208
0.3790172564	114.0155892757
0.3590365537	133.8502571967
0.3357401108	143.2843970921
0.3106120665	163.7885564549
0.2831852575	179.6641549209
0.2539897887	210.2897593071
0.2237847484	218.9885641165
0.1916646967	236.2071929139
0.1590060397	260.3268369687
0.1253290049	289.9561644108
0.0913452029	314.9586714133
0.0570314638	340.1734528305
0.0233657006	369.7463357721
0.0101827365	399.299052773
0.0437217757	434.8113382217
0.0763260231	483.6383554274
0.1084194223	532.4368988711
0.1396498564	548.5832298059
0.1698874927	570.9260996648
0.1992887125	583.3872713757
0.2281382448	601.1241267811
0.2563624108	622.5283873312
0.2849186412	645.2934410356
0.3141195571	681.1093009735
0.3443709202	708.4223932866
0.3762731168	734.5562112554
0.409425679	753.557412361
0.4448480291	771.6113344274
0.4823648964	791.7018814529
0.5233859117	807.3995749013
0.5667677674	828.3281183393
0.6141503059	839.8237641195
0.6641334017	856.5443628248
0.7196919972	868.4082062882
0.7784605203	881.594548712
0.8425150745	887.6421493567
0.9457654945	898.1253739188
1.0524388372	899.4466033133
1.1629037362	897.0878212588
1.2758699539	897.8871546168
1.3912797535	900.2614980977
1.5102856725	892.6158850403
1.6303812259	893.8101833951
1.7529785582	892.0328286724
1.8759558634	887.5497434638
1.9990513457	881.7209011355
2.1225618781	878.8356665554
2.2464221612	868.2972572235
2.3703702956	864.9727424547
2.4945380864	861.2107133574
2.6178695385	857.6781536588
2.7402293711	855.9604939366
2.8623091122	855.8113399499
2.9838419351	851.422432891
3.1045271001	851.7350078708
3.2253244366	863.8459223258
3.3453363269	864.8175614185
3.4654259422	870.8912298181
3.586126837	881.1551222467
3.7077076039	884.522593062
3.829403508	892.5240073066
3.9525189014	902.4874491456
4.076926079	913.5087805525
4.2015891723	918.1118326423
4.3272475167	923.5683758287
4.4536691921	927.8980998826
4.5793750066	931.3487257296
4.7058457998	940.2713580332
4.8308905378	946.5503442401
4.955314363	945.3733424817
5.0779975372	947.7098932321
5.1977805709	946.575377186
5.3161466885	948.0760082846
5.4322072941	950.6809655779
5.5468730287	949.5914850155
5.6580273811	954.4025762315
5.7673966534	955.0983869491
5.8755206489	959.9260092803
5.9816097047	961.9385461057
6.0870587215	962.4447840473
6.1921398304	963.1656599568
6.2968864566	975.3314984141
6.4025317142	984.6635202821
6.5091468689	987.7108109028
6.615945441	989.8864875271
6.7249226485	993.5387468266
6.835362026	988.7890518757
6.9471306271	987.8961405304
7.0601978072	994.7164373098
7.172806064	998.3062178805
7.2863710875	1006.1591899926
7.3998577948	1007.3672820345
7.5121551152	1009.6482616699
7.6239539534	1010.2271918123
7.7325758374	1012.1145968138
7.839923733	1008.899456495
7.9458190809	1010.1681543553
8.0490376691	1011.2508026473
8.1504777697	1018.9188177859
8.2505189607	1017.4758859917
8.3504498781	1021.9611293007
8.4493951004	1027.7162964705
8.5488945179	1025.2174507447
8.6481074419	1024.837589548
8.7475935786	1026.1363765468
8.848058314	1028.8938840571
8.9488703891	1035.0104483146
9.051474429	1037.5220079386
9.1543602983	1037.0886603734
9.2570346235	1037.4907448582
9.3586841733	1041.6764105132
9.4613210367	1041.6521853875
9.5636025001	1038.9130307293
9.6643946552	1042.2538582175
9.7643660029	1040.5889444422
9.8640111191	1044.9714315412
9.9621557832	1050.1937132639
10.0594726985	1049.1721942729
10.1558511468	1048.7825486575
10.2518596005	1049.2341628246
10.3481739585	1048.8439360645
10.4447237343	1047.2125165868
10.5414743778	1053.6484022614
10.6381396356	1053.6687150605
10.7362599297	1055.5250205687
10.8343687198	1054.9032507248
10.9329683613	1059.021524617
11.0322046867	1060.2366096061
11.130784365	1060.2251766816
11.2294977766	1059.1791086279
11.3274801031	1061.6282452915
11.4256659688	1061.6165755699
11.5216017193	1066.5409974746
11.6168706915	1062.6610723322
11.7115797154	1065.7457545963
11.8060884071	1064.7390080327
11.8993101314	1063.746902471
11.9926912337	1064.9978696568
12.0849613029	1068.0971369025
12.1774984493	1067.7178213658
12.2707399922	1063.8770702928
12.3641043454	1070.4048450417
12.4575201263	1068.9987538324
12.5509863108	1063.9436199282
12.6442114897	1071.4634283553
12.7382541026	1067.8236036174
12.8320202172	1067.8386170998
12.9262037085	1069.4610856237
13.02036573	1070.8745910887
13.1128922367	1076.1428016443
13.2048066612	1077.3709339515
13.297137338	1078.1881804325
13.3878977439	1077.4144955663
13.478814077	1080.0518812173
13.5698131431	1080.2758907326
13.6600842675	1076.8905314567
13.7491448526	1079.1431749303
13.8380999198	1083.7924441377
13.9268015009	1078.8305080659
14.015173875	1079.0726044651
14.1037733955	1077.9199638848
14.1920428055	1074.5710774591
14.2795743352	1079.0183237941
14.3668107761	1081.2689646108
14.4542717816	1082.7092932634
14.5416608222	1079.1779232497
14.62905197	1083.2059614482
14.7160720894	1082.6613143638
14.8021611618	1082.5240782181
14.8874279397	1085.5642086488
14.9721318531	1089.3975645533
15.0557856531	1090.0714303122
15.1388739148	1086.1999939071
15.220307111	1081.9565993284
15.3003447144	1088.7891885837
15.3787206541	1086.9518104054
15.4561446256	1080.1971837532
15.5330643855	1083.1096708972
15.6082385559	1080.5256131216
15.6828672344	1086.7948299046
15.7575135022	1086.770743356
15.8308591981	1078.3164531155
15.9014665977	1084.6210625829
15.9725016765	1082.6731157251
16.0420761504	1081.1354869935
16.1099234673	1080.6011636841
16.1764546918	1082.2273368216
16.2393593882	1083.504479515
16.3001828903	1084.0195605617
16.359754381	1079.8543654646
16.4157597485	1078.4738919261
16.4686483551	1080.4399195004
16.5183767991	1083.4109818229
16.5652061491	1075.4945106188
16.6076511207	1076.4063779006
16.6476825625	1075.7776808107
16.6836623665	1080.2603327797

