0	1.780419672
0	-2.381638027
0	-3.074968854
0	-7.931393749
0	-1.341123602
0	2.12760327
0	-7.238062922
0	4.20863212
0	0.39272165
0	-7.238062922
0	-8.278577346
0	-3.76933605
0	-2.034454429
0	-4.462666876
0	3.861448522
0	1.087088845
0	2.820934097
0	1.780419672
0	-5.850364899
0	1.087088845
0	-4.462666876
0	-3.422152452
0	-0.300609177
0	-2.034454429
0	0.739905247
0	-7.238062922
0	4.20863212
0	-5.850364899
0	-4.462666876
0	8.717873417
0	-2.034454429
0	0.39272165
0	1.780419672
0	9.065057014
0	1.087088845
0	-2.381638027
0	8.02454259
0	-3.422152452
0	8.02454259
0	-4.116519647
0	0.739905247
0	7.677358992
0	1.087088845
0	8.717873417
0	-7.238062922
0	2.12760327
0	2.12760327
0	0.739905247
0	1.087088845
0	-5.157034072
0	0.739905247
0	-4.462666876
0	5.249146544
0	-0.647792775
0	-3.422152452
0	11.49326946
0	-5.850364899
0	6.636844567
0	-0.993940004
0	7.330175394
0	7.330175394
0	9.411204243
0	4.20863212
0	-2.728821625
0	10.79890227
0	6.984028165
0	4.20863212
0	12.87993112
0	14.26762914
0	18.42968684
0	10.79890227
0	27.79535303
0	35.4261376
0	32.65177792
0	47.56616347
0	44.09847297
0	55.19798441
0	69.41903913
0	76.70367647
0	90.57754759
0	91.96524561
0	120.4083914
0	131.1607193
0	158.216167
0	173.8249198
0	192.5552158
0	233.4855711
0	241.1163556
0	296.2677656
0	309.7954895
0	344.4817219
0	374.3125657
0	400.6736463
0	450.6224841
0	464.8435389
0	512.3641643
0	534.9103708
0	568.2089051
0	609.8325912
0	635.1541937
0	681.6332683
0	712.5046266
0	746.1503445
0	734.7036495
0	751.7001003
0	786.0401854
0	779.1027316
0	797.485844
0	789.1617286
0	795.4048152
0	806.8515102
0	801.6489381
0	822.460263
0	816.9105073
0	847.0874983
0	852.2911068
0	862.3501038
0	896.3378235
0	904.6702299
0.063283502	935.2935887
0.251293413	945.6422181
0.438111608	966.3300397
0.623292691	981.4330777
0.80743812	984.4386785
0.990541576	1012.868282
1.172124811	1006.57508
1.352919561	1016.044651
1.532763031	1008.074961
1.711997401	1003.539439
1.891110013	1002.424941
2.070401182	970.3884935
2.249775854	992.391353
2.429393237	963.8665219
2.609397664	962.8095629
2.789502874	960.4017878
2.969836966	952.9470319
3.150208038	961.31221
3.330937162	951.5270014
3.511993507	961.1926274
3.692345894	962.4670452
3.871860613	977.7597702
4.050662045	995.0020342
4.229313438	991.2291983
4.406806117	1009.384532
4.581977761	1006.291386
4.755793821	1021.739098
4.928801976	1026.247245
5.100899305	1026.796971
5.272408345	1037.533176
5.444244857	1030.167368
5.616146921	1038.891338
5.7884768	1026.959847
5.961929242	1025.180104
6.136410408	1016.540882
6.312123859	1006.61246
6.488876468	1012.643713
6.667470906	990.0696277
6.847766676	992.1669646
7.028254701	1002.018511
7.209169317	992.782358
7.390746606	999.3553858
7.572939286	994.3272742
7.754607693	1008.567269
7.935293982	998.4179886
8.115700356	1014.850924
8.295334878	1014.946812
8.473871255	1018.230469
8.651370835	1026.290677
8.828574713	1026.058148
9.005242583	1032.809
9.180757563	1026.25165
9.356854271	1030.127696
9.533774675	1031.462929
9.710717394	1029.639444
9.887939451	1038.49982
10.06662807	1025.981361
10.24660109	1030.085903
10.42669155	1026.038167
10.60755635	1033.858941
10.78864493	1032.611789
10.96909049	1014.897229
11.14850663	1036.661792
11.32678271	1016.224319
11.50326668	1022.478325
11.67768654	1016.06731
11.8515712	1013.989076
12.02484685	1018.390555
12.19757988	1003.422957
12.37054157	1020.691296
12.54387381	1018.00945
12.7179309	1008.6006
12.89308699	1023.60711
13.06934734	1020.895086
13.24611453	1032.155226
13.42424396	1029.711151
13.60443659	1034.514823
13.78536486	1028.71712
13.96654955	1026.251073
14.14772276	1036.14284
14.32886612	1021.937852
14.50945744	1036.901439
14.68886287	1023.956392
14.86745426	1031.695435
15.04477503	1027.183894
15.22005753	1018.531611
15.39397918	1030.142568
15.56673255	1016.789539
15.73771047	1034.612235
15.90830687	1025.450105
16.08061926	1021.619777
16.25421688	1028.40128
16.42848261	1023.955025
16.60463103	1030.966162
16.78270827	1027.668542
16.96270543	1026.406463
17.14443003	1028.340849
17.32772459	1025.002298
17.5117072	1020.499851
17.69571331	1017.746827
17.87937083	1026.037015
18.06224894	1017.50099
18.24419376	1026.920539
18.4245075	1029.397674
18.60346128	1030.723594
18.78055995	1040.117274
18.95562402	1030.546962
19.1292069	1039.647067
19.30154523	1038.429384
19.4738975	1035.498172
19.6464532	1043.68411
19.81987574	1027.365566
19.99394118	1042.906399
20.16846256	1022.943461
20.34376525	1032.186803
20.5204635	1028.102362
20.69856474	1019.22879
20.87660086	1023.328753
21.05524205	1026.556692
21.23395269	1041.276265
21.41217437	1025.141223
21.58986541	1036.733343
21.76597862	1030.165633
21.94079577	1030.871216
22.1143095	1042.990909
22.28526883	1033.156486
22.45301781	1037.800016
22.6187487	1025.567448
22.78344666	1025.819005
22.94648048	1029.659631
23.10860536	1016.426791
23.26903153	1029.094883
23.42743606	1025.818005
23.58496974	1037.080274
23.74046541	1027.262666
23.89373555	1029.239435
24.0444132	1032.326406
24.19187284	1029.169778
24.336358	1035.028847
24.47717992	1027.592633

