0	-11.15673967
0	-1.097742647
0	-5.606983944
0	-0.057228222
0	3.758682248
0	0.983286203
0	0.983286203
0	-3.873138692
0	6.880225522
0	0.289955376
0	4.799196673
0	4.104829477
0	-13.23776852
0	9.30843797
0	-0.057228222
0	0.289955376
0	-4.566469519
0	-3.525955094
0	2.718167823
0	-5.954167542
0	11.04228322
0	-10.11622524
0	2.370984225
0	-2.48544067
0	-14.27828294
0	-2.138257072
0	-8.728527218
0	-2.138257072
0	0.983286203
0	-5.954167542
0	-0.750559049
0	-2.832624267
0	-3.525955094
0	-0.057228222
0	3.758682248
0	-2.48544067
0	-2.48544067
0	4.104829477
0	-5.954167542
0	3.41149865
0	0.636102605
0	-0.750559049
0	7.573556349
0	-0.057228222
0	6.533041924
0	-9.075710816
0	0.983286203
0	-2.832624267
0	-1.097742647
0	3.41149865
0	4.104829477
0	1.330469801
0	4.104829477
0	0.983286203
0	5.145343902
0	-4.566469519
0	-0.057228222
0	-1.791073474
0	1.330469801
0	-1.444926245
0	9.654585199
0	14.1638265
0	-4.913653117
0	12.77716484
0	1.676617029
0	-1.097742647
0	-9.422894414
0	-0.750559049
0	7.573556349
0	-1.791073474
0	10.69509962
0	2.370984225
0	4.104829477
0	9.30843797
0.157379862	4.791649644
0	17.28640614
0.11211746	11.37670439
0	24.22282351
0.059057889	19.00902175
0.002674513	23.87603771
0	37.05721658
0.298797161	25.18796447
0	41.91364147
0	47.46339719
0	50.23775687
0	68.62190566
0	73.82447778
0	87.00605444
0	88.04656887
0	115.7953475
0	128.6297405
0	145.6251549
0	170.2534266
0	184.1272978
0	227.4858655
0	254.5413133
0	288.5331784
0	324.9542924
0	352.3569238
0	381.1462168
0	401.6113944
0	448.7848363
0	471.3310427
0	510.5265164
0	536.5414497
0	569.8399841
0	606.9544289
0	630.8883334
0	673.2053503
0	699.9136145
0	743.965513
0	738.7629409
0	739.8034553
0.100227581	771.2880444
0.299036284	766.9901041
0.495054533	791.3745996
0.688590591	782.9546384
0.880017448	795.5537425
1.0691823	799.1975004
1.256227457	797.3622113
1.441015349	812.9846235
1.624424498	829.2412371
1.806587761	837.6109433
1.987215073	846.6411358
2.167964763	862.7664117
2.349341131	881.5300578
2.531062824	887.0331639
2.712514402	919.5169552
2.894882052	926.6007191
3.07883684	938.6856329
3.264148411	955.0835541
3.45130161	949.9436996
3.639348455	962.2096181
3.828965002	959.7185554
4.019887124	957.2209804
4.211158436	950.0659737
4.402522853	935.9719775
4.593464488	936.1761019
4.784351618	909.5931503
4.974115568	899.6152188
5.162149567	881.4492586
5.347874877	882.780555
5.530789944	883.46191
5.712003133	862.2074944
5.89088417	869.1671528
6.067616169	874.1575432
6.243596158	885.9886429
6.419377635	879.5535139
6.595468647	890.987618
6.772314989	906.275032
6.950349055	912.7453026
7.13038661	922.4138228
7.313563993	925.2338605
7.499234218	932.2094573
7.686729115	937.5265743
7.876141607	936.07814
8.067214939	950.9264576
8.260793821	926.1008304
8.455836921	930.9817084
8.650589878	917.4033517
8.84501659	920.3835751
9.038507948	907.5173449
9.23031504	899.1350443
9.420258318	899.9565885
9.609275305	889.1159694
9.798073039	890.2672412
9.986360503	881.061434
10.1731969	889.7516216
10.35824909	891.5545456
10.54243005	892.0964368
10.72623119	896.686381
10.9108514	891.3061806
11.09663861	907.9609885
11.28347809	920.2084882
11.47216918	910.1296808
11.66241037	925.0655768
11.85419249	915.9014069
12.04660353	935.0515224
12.23768076	926.5083068
12.42804324	932.406909
12.61817507	935.2216222
12.80719955	925.212939
12.99425071	940.5479943
13.179949	928.7652718
13.36476122	924.6203825
13.54841772	930.2004474
13.7309115	915.8025833
13.91260654	926.5123231
14.09454362	906.1506034
14.27690116	909.6120521
14.46055244	907.046235
14.64632356	903.8588812
14.83406512	905.7553938
15.02425258	901.6443879
15.21605677	913.0276182
15.40901964	898.7770309
15.60318313	904.7474538
15.79786853	905.6602213
15.99212092	914.2449923
16.1852133	924.8752649
16.37730142	922.5109223
16.56707093	934.2765359
16.75438053	931.651686
16.9394161	930.8042708
17.12232868	932.0287539
17.30409371	932.9599868
17.48457599	934.7755659
17.66498084	932.5087751
17.84606142	929.6599553
18.02888986	923.0377104
18.2142695	924.2218856
18.40208387	922.1945538
18.59331017	920.7253396
18.78796734	926.4068538
18.9852371	926.3040289
19.18422076	922.7431984
19.38462882	926.6073505
19.58530826	930.4583266
19.78505936	934.5794211
19.98338681	930.164813
20.17933972	933.4512429
20.3722811	927.1208672
20.56275984	921.686287
20.7504954	918.5511652
20.93459883	916.2984254
21.11607608	918.0102011
21.29634072	908.7851336
21.47580559	913.8693426
21.65593701	916.697965
21.83809782	914.1882367
22.02249057	937.5577464
22.20927985	928.0230351
22.39801673	940.9690134
22.58946446	932.5299294
22.78344447	948.3988679
22.97814996	935.5259433
23.17354572	941.1306496
23.36868227	940.6660179
23.56219357	822.3794261
23.75399154	919.5431366
23.9438308	910.1560789
24.13075927	913.6344574
24.31397465	916.5862263
24.49398714	914.1265213
24.67111388	929.0364801
24.84591028	923.6308065
25.01875927	929.3226702
25.19024474	927.4645374
25.36105284	927.4981793
25.53165603	933.1668791
25.70223239	932.1134633
25.87250217	941.2412246
26.0419636	936.971693
26.20899243	937.8162118
26.37225333	931.4857412
26.53158688	933.460383
26.68675293	929.0925529
26.83732868	925.8403293
26.98244631	934.8239723
27.1215573	926.6498528
27.2540299	935.1926072
27.37935092	943.5185232
27.49876986	940.282742
27.61252945	943.6878016

